0 0.33627717391304346 0.8553940321346595 0.15353260869565216 0.09487375669472073
1 0.06182065217391304 0.7524866105585309 0.03940217391304348 0.04361132364192808
1 0.24335597826086958 0.6937031369548584 0.02747282608695656 0.026350420811017638
1 0.29702445652173914 0.674575363427697 0.017364130434782573 0.015302218821729151
1 0.3604347826086956 0.6511935730680949 0.017364130434782573 0.011905126243305237
0 0.1917255434782609 0.7668094873756695 0.10114130434782609 0.05951032899770473
0 0.5615896739130435 0.8539479724560061 0.09360054347826086 0.09436113236419275
0 0.43930706521739127 0.7791354246365724 0.07245923913043484 0.06205814843152249
0 0.4562907608695652 0.7313159908186687 0.0566168478260869 0.0378270849273145
0 0.5797146739130435 0.7489594491201224 0.07245923913043484 0.045906656465187455
0 0.5933016304347827 0.7072991583779649 0.05434782608695652 0.03655700076511092
0 0.4989402173913044 0.7096403978576894 0.0513315217391304 0.036128538638102545
0 0.40421195652173914 0.6987987758224943 0.05207880434782614 0.03910482019892877
0 0.28269021739130434 0.7232440703902066 0.08831521739130435 0.032731446059678634
0 0.34495923913043475 0.6869013006885998 0.04831521739130431 0.024651874521805683
0 0.3853396739130435 0.6677735271614383 0.03547554347826089 0.019556235654169814
0 0.4513858695652174 0.6775516449885233 0.031698369565217446 0.022953328232593728
0 0.45779891304347825 0.660336648814078 0.05358695652173905 0.013175210405508819
0 0.5193206521739131 0.6722341239479724 0.034728260869565146 0.020826319816373395
0 0.5027173913043478 0.6830757459831676 0.045285326086956575 0.016151491966335044
0 0.5717798913043478 0.6752104055087987 0.055108695652173995 0.026778882938026015
0 0.5982065217391304 0.6845600612088754 0.04453804347826083 0.01657995409334359
0 0.5872554347826088 0.6565110941086457 0.030190217391304387 0.012325937260902755
0 0.5378125 0.6550191277735272 0.0309510869565217 0.015302218821729151
0 0.4891304347826087 0.6488599846977812 0.037744565217391265 0.00807957153787295
0 0.430625 0.6503442999234889 0.026413043478260945 0.019556235654169814
0 0.4562907608695652 0.6390818668706962 0.02944293478260864 0.010627390971690971
0 0.4294972826086957 0.627176740627391 0.022649456521739074 0.011476664116296864
0 0.40533967391304343 0.6261132364192808 0.030190217391304387 0.010198928844682422
0 0.4657336956521739 0.628875286916603 0.016603260869565255 0.008928844682479014
0 0.49668478260869564 0.6373833205814843 0.030190217391304387 0.010627390971690971
0 0.5425543478260869 0.6365952563121653 0.0363586956521739 0.01385615914307567
0 0.5884646739130435 0.643726090283091 0.03415760869565215 0.012410099464422363
0 0.5866304347826087 0.629663351185922 0.0363586956521739 0.013236419280795681
0 0.5475135869565217 0.6187069625095639 0.024972826086956515 0.011162968630451353
0 0.5019836956521739 0.6274980872226473 0.026440217391304397 0.007237949502677916
0 0.48123641304347825 0.6192195868400918 0.018722826086956485 0.009716908951798045
0 0.5095108695652174 0.6176740627390971 0.02680706521739133 0.009510328997704716
0 0.4915217391304348 0.6104361132364193 0.020937499999999956 0.005791889824024435
0 0.5183288043478261 0.6074368783473604 0.01652173913043474 0.009303749043611387
0 0.5500815217391305 0.6086763580719204 0.019089673913043417 0.008477429227237893
0 0.5783695652173914 0.615707727620505 0.021304347826086888 0.01302983932670235
2 0.6692527173913042 0.6381407804131599 0.06279891304347822 0.044254016832440644
0 0.19021739130434784 0.9487375669472073 0.1983695652173913 0.10252486610558531
0 0.5523097826086957 0.9671002295332823 0.1671195652173913 0.06579954093343535